{"camera": {"width": 480, "height": 640, "f": 491.860455022958, "cx": 240.0, "cy": 320.0, "k": -0.008312904982220905}, "images": [{"image_id": 1, "pth": "IMG_6637.jpeg", "R": [[0.10123050358898238, -0.9335933079619517, 0.3437382269685762], [-0.994791689035989, -0.09912717150959349, 0.023735497598777047], [0.011914497349515663, -0.34435071348294666, -0.9387654169792153]], "C": [0.11947253608880255, 0.21076352332710055, 0.48011895321612014], "T": [0.019637912234823474, 0.12834681563281616, 0.5218721837348522]}, {"image_id": 2, "pth": "IMG_6638.jpeg", "R": [[0.08771424184743552, -0.9016263912327186, 0.423528153611929], [-0.9961249602336397, -0.08213439067466838, 0.03144964110266386], [0.0064304008977403284, -0.42464557831232863, -0.9053367737005418]], "C": [0.11861047264523035, 0.23324660687977944, 0.43327420927983396], "T": [0.016393642881093157, 0.12368210189913666, 0.49054350213513126]}, {"image_id": 3, "pth": "IMG_6639.jpeg", "R": [[0.07879781642962297, -0.8605689891087268, 0.5032016862655284], [-0.9968643130953619, -0.07169018961814588, 0.03349824498497623], [0.007247074022113558, -0.5042634295444641, -0.8635194156267578]], "C": [0.11529818866020791, 0.26735814036748345, 0.3841702126706581], "T": [0.027679780252457403, 0.12123457751882524, 0.4657217958170753]}, {"image_id": 4, "pth": "IMG_6640.jpeg", "R": [[0.05676544354500275, -0.7982017775932918, 0.5997095970299062], [-0.9983779032177397, -0.04802763206771757, 0.03057749816602243], [0.004395618811417381, -0.6004726001108823, -0.7996332074633072]], "C": [0.11071240817045852, 0.29937941428388565, 0.3380574232251371], "T": [0.029944260645189152, 0.11457435604860729, 0.44960442741100354]}, {"image_id": 5, "pth": "IMG_6641.jpeg", "R": [[0.05781182318925496, -0.7597791072224264, 0.6476059620225477], [-0.9983021824500039, -0.03937364832169849, 0.04292484827750471], [-0.007114794033555613, -0.6489880574595946, -0.7607652896886961]], "C": [0.10748616843266848, 0.3243054602611513, 0.29895498950576677], "T": [0.04658150811953296, 0.10724016810431275, 0.4386696918235146]}, {"image_id": 6, "pth": "IMG_6642.jpeg", "R": [[0.07813348660999185, -0.6868868934965249, 0.7225520822240072], [-0.9966203200556681, -0.035378956955876124, 0.07413730845204548], [-0.025360808373358218, -0.7259027480499398, -0.6873296142398928]], "C": [0.10555989050663842, 0.34366298363307407, 0.24489775191179466], "T": [0.05085845637017111, 0.09920550959435252, 0.4204684657270923]}, {"image_id": 7, "pth": "IMG_6643.jpeg", "R": [[0.08394166111721042, -0.6237071738236202, 0.7771377601321321], [-0.9958607937940342, -0.025225783812645966, 0.08732131575803177], [-0.0348590245395034, -0.781250981331247, -0.6232429223288629]], "C": [0.10880193739676404, 0.3494508492599334, 0.20813112832456482], "T": [0.04707542734439624, 0.09899247134334212, 0.4065178009616253]}, {"image_id": 8, "pth": "IMG_6644.jpeg", "R": [[0.10264573770808767, -0.6681900451288377, 0.7368757487874872], [-0.9941492220749281, -0.04386358060388672, 0.09870857632743042], [-0.03363408178060072, -0.7426965225220692, -0.6687829232645028]], "C": [0.10820413305147744, 0.3342997046400885, 0.23764603417348765], "T": [0.037153442291919414, 0.09877693503562951, 0.41085618421316195]}, {"image_id": 9, "pth": "IMG_6645.jpeg", "R": [[0.12272142022957785, -0.8120799056229772, 0.5704959961847691], [-0.9914000899692088, -0.07398977554916569, 0.10794186765068545], [-0.045446554379032916, -0.5788366044719416, -0.8141761002308726]], "C": [0.10388590557527719, 0.2806454343636178, 0.3583401304027495], "T": [0.010725882310395701, 0.08507748590146177, 0.4589210766720645]}, {"image_id": 10, "pth": "IMG_6646.jpeg", "R": [[0.13200589345214814, -0.9158515693866468, 0.3791970324390375], [-0.9901786941748191, -0.10406143735413792, 0.0933672511325897], [-0.04605075868209607, -0.38779787878075517, -0.9205932965470113]], "C": [0.11247328180581126, 0.21397402379631414, 0.42639641748674284], "T": [0.019433053293948843, 0.09382363038720629, 0.48069583611097255]}, {"image_id": 11, "pth": "IMG_6647.jpeg", "R": [[0.11738340931634368, -0.9870324641325218, 0.10949028248669185], [-0.9907867186277859, -0.10889828320628729, 0.08051655315610903], [-0.06754915311906533, -0.11793283402959436, -0.9907213600961503]], "C": [0.12868189822823212, 0.10792069687177883, 0.5051988361375171], "T": [0.03610174815227744, 0.09857182535983681, 0.5219310249367616]}, {"image_id": 12, "pth": "IMG_6648.jpeg", "R": [[0.11899091888943913, -0.9875279342763313, -0.10310098226177215], [-0.9897990261389447, -0.12617285075712897, 0.06616927749601188], [-0.07835256061731606, 0.09417571573812203, -0.9924674628491533]], "C": [0.11277369126220788, 0.015207079255842627, 0.5008682898166129], "T": [0.05323838307792145, 0.08039991746899826, 0.5044994507233436]}, {"image_id": 13, "pth": "IMG_6649.jpeg", "R": [[0.10491136070667373, -0.9550967421207811, -0.2770990383627294], [-0.9919975154737581, -0.12018677851660146, 0.03867999363427367], [-0.07024678190217429, 0.2708236070565455, -0.9600624103009269]], "C": [0.10596848768910526, -0.05849323180718471, 0.46281295269447464], "T": [0.06126103076280412, 0.08018876134609193, 0.4676146121519624]}, {"image_id": 14, "pth": "IMG_6650.jpeg", "R": [[0.08219664444900543, -0.9218584841428947, -0.3787092412426332], [-0.9955139699184434, -0.09381333574989535, 0.01229098766980561], [-0.04685853196153954, 0.3760000903301596, -0.9254340024342373]], "C": [0.09976784850367668, -0.128505946360213, 0.4194367803972141], "T": [0.03217970556760888, 0.08210942314624319, 0.4411542808083704]}, {"image_id": 15, "pth": "IMG_6651.jpeg", "R": [[0.08239862821467636, -0.8659510452214375, -0.49329430719424144], [-0.9954560241340266, -0.09521878358861996, 0.0008728952145824961], [-0.04772677196985278, 0.4909809010652552, -0.8698619517978815]], "C": [0.1020481090657708, -0.18357488077938822, 0.38209956652654864], "T": [0.021112056862700568, 0.08377109519265337, 0.4273760619292556]}, {"image_id": 16, "pth": "IMG_6652.jpeg", "R": [[0.07141416025315858, -0.8261910495100231, -0.5588455709185045], [-0.996053684346, -0.08867154243489993, 0.003806591490451214], [-0.05269867451029437, 0.5563683869081608, -0.8292629187223541]], "C": [0.104069323806565, -0.2222748594337518, 0.35872621677363253], "T": [0.009399034653271743, 0.08258365461026235, 0.4266293699591137]}, {"image_id": 17, "pth": "IMG_6653.jpeg", "R": [[0.07677762706119182, -0.7565902626369441, -0.6493661145099024], [-0.9951664477175951, -0.09814713670042083, -0.0033099201265299207], [-0.061229176044122126, 0.6464815455366961, -0.7604686347226889]], "C": [0.11172281762722741, -0.26096288508719834, 0.30547311112514625], "T": [-0.007655903334038983, 0.08658113118932599, 0.4078511051093623]}, {"image_id": 18, "pth": "IMG_6654.jpeg", "R": [[-0.048453112779334624, 0.6769589890673318, 0.7344241123636178], [0.9968822554490365, 0.07861912870746543, -0.006698958211082814], [-0.06227470844477579, 0.7318098348623515, -0.6786576440148011]], "C": [0.118211191030927, -0.27840263324490033, 0.26100761583490345], "T": [0.0025045787462587288, -0.09420638716739693, 0.38823416614899087]}, {"image_id": 19, "pth": "IMG_6655.jpeg", "R": [[-0.01496932670298075, 0.6272580142356479, 0.7786676066688033], [0.9983140565066931, 0.05305387072528038, -0.02354582631924631], [-0.056080642990766705, 0.777002409943022, -0.6269945797449481]], "C": [0.11566608364150661, -0.29101825220146355, 0.22966266638124072], "T": [0.005444095604446447, -0.09462383517477373, 0.37660575863159307]}, {"image_id": 20, "pth": "IMG_6656.jpeg", "R": [[-0.016652058546509398, 0.7113451468088646, 0.7026455401745111], [0.9987377815905861, 0.04513992983698461, -0.022029637494678737], [-0.04738804964044002, 0.7013918616043624, -0.7111988404002391]], "C": [0.11508754264099272, -0.2802523105761949, 0.29808839938692516], "T": [-0.008177918898602865, -0.09572492801005181, 0.4140205879983734]}, {"image_id": 21, "pth": "IMG_6657.jpeg", "R": [[-0.012850519764663915, 0.9105077651856048, 0.41329228167198945], [0.9983372981111412, 0.03491066599269708, -0.0458689307459286], [-0.05619233062412861, 0.4120156909824052, -0.909442346575366]], "C": [0.12819586262650445, -0.23033345568058178, 0.4621273719625303], "T": [0.020374107464159824, -0.0987443283650157, 0.5223828237702646]}, {"image_id": 22, "pth": "IMG_6658.jpeg", "R": [[0.009205057020836087, 0.9789045159427947, 0.20411095251705053], [0.9411658519818177, 0.060477115376301904, -0.33248971035352765], [-0.3378197458225754, 0.19516285984175122, -0.9207546699384868]], "C": [0.1795856404271379, -0.12950375815729281, 0.5985256030111947], "T": [0.002953086695025295, 0.03781574583179828, 0.6370371432550184]}, {"image_id": 23, "pth": "IMG_6659.jpeg", "R": [[0.029901530683246177, 0.9833205928093829, 0.17940618074040882], [0.9528697837466141, 0.026169556446710457, -0.30224887716968224], [-0.30190254779403, 0.1799884461609501, -0.9361938310006792]], "C": [0.21679760815992927, -0.07848613718386724, 0.5890150485776879], "T": [-0.03497848565343897, -0.02649680553816547, 0.6310106029810306]}, {"image_id": 24, "pth": "IMG_6660.jpeg", "R": [[0.03043696220500316, 0.9604394070415352, 0.2768208703197089], [0.9955661191785194, -0.004469126794168392, -0.0939585118588069], [-0.08900431649420375, 0.27845331204072427, -0.9563168169841203]], "C": [0.165956121966513, -0.12009115739991535, 0.5045405934963294], "T": [-0.029378286411153656, -0.11835111157212272, 0.5307112461401572]}, {"image_id": 25, "pth": "IMG_6661.jpeg", "R": [[0.07120582911642515, 0.9045304006544903, 0.4204218349124326], [0.9821892889208775, -0.13705825834951602, 0.12852745047423839], [0.173879283722907, 0.4037819495582636, -0.8981792837988292]], "C": [0.04378474801675521, -0.16958480158206474, 0.4577249760509916], "T": [-0.042160695081856714, -0.1250781322577584, 0.4719811123414319]}, {"image_id": 26, "pth": "IMG_6662.jpeg", "R": [[0.06503914554806696, 0.8599186004778211, 0.5062706068445433], [0.9475335580722808, -0.21233967908102028, 0.23893948795239606], [0.3129698716367254, 0.4641680039803284, -0.8286119986967524]], "C": [-0.037671397616212667, -0.1911980342433433, 0.4124993736045329], "T": [-0.0419714466645546, -0.10346640492105902, 0.4423399528196277]}, {"image_id": 27, "pth": "IMG_6663.jpeg", "R": [[0.07882760119432766, 0.8238932622413144, 0.5612362299725203], [0.9119880116986538, -0.2869505537962811, 0.29315064663043505], [0.4025719196453368, 0.48873238770151045, -0.7740002862973064]], "C": [-0.08541207976530031, -0.1932979910745372, 0.37948476418332544], "T": [-0.04699085657025032, -0.088818376793084, 0.4225768097511411]}, {"image_id": 28, "pth": "IMG_6664.jpeg", "R": [[0.07679455448814272, 0.8229297617113347, 0.5629291317517531], [0.9199737444742027, -0.27614860831229743, 0.27819114462188893], [0.3843838973710122, 0.4965164932768636, -0.778280367426227]], "C": [-0.0761408455748654, -0.199998836596977, 0.39045560539667923], "T": [-0.04936663767599103, -0.09380311336872761, 0.43245396800953206]}, {"image_id": 29, "pth": "IMG_6665.jpeg", "R": [[0.17260560266128028, 0.9685137175914623, -0.17941168366278953], [0.9696175125846008, -0.13501371673218943, 0.2039932374848416], [0.17334722350887352, -0.2091711017573228, -0.96239184195818]], "C": [0.08125114012742442, 0.15611279032638978, 0.47709881714318014], "T": [-0.07962467887401516, -0.155030092642843, 0.47772563422945546]}, {"image_id": 30, "pth": "IMG_6666.jpeg", "R": [[0.10312917598090947, 0.9193329160658413, -0.3797254335361137], [0.9823388580128536, -0.03421508964139932, 0.183955871818532], [0.15612435997802543, -0.3919902954892561, -0.9066248854908057]], "C": [0.03130525562318098, 0.2442518271873818, 0.4215113101170984], "T": [-0.06771866478428556, -0.09993475143034668, 0.4730094761828487]}]}